$ANSIBLE_VAULT;1.1;AES256
62373439623064663730633065356530353561613332373736333762623638316332633361653435
3732333962366666656436313033643663646562643466360a313136346562626639353766356264
31343031353635303665363232323030613535343234616239346466333464633262666331616166
6132356333323936370a616636303634326132323466326631386638626634386339333831383837
62343665303439316363333662336637313032623839613036393238636666363466316661393630
33616566343866373062303634633839616438623061343561353862653861353265633633373466
36393266316330373339353838333735363835663463363837333563656538326637623365653165
35626565643539316433323961356364383266306330383534336633623238353865656361663836
38346163333132333136623934393039633663333161633562346335363630613633386434363061
38623062366433623631623933633737323035306264393931646637323537386165333837653161
62303132643561386661343334393832623133633638356138373633346134653763633831643732
33636538323936356234346435313137303835643631313737626562313633373962386336656339
33333065313030303337363137386361643633623238336565373437643432303631376139616135
33393864643638313863343235356532616163623939376361303266336134373035376165376337
36316134376136633963643238343961623562623739316338376432353631613736383463323466
33656437666235336236393935643536373565623536366231396637396162643035363139343235
64336534663339356530633433313730643830623439623432306235626131616139336236633138
37646263653563363632656338613530383861646438316165656336303231636330616337373266
35623832613465316162356363336130343164383436353864353863346661303164613031646338
62373230393262306333316535656338363233666236333063313065393731623964323932616264
31306633613364646637353230643938316139656363613665346438663362373530626434663737
62386662326635303639666231376331633561313131663734373034303965303361306331363932
66366365346637643433346438386334356165313866626663636261613233656432333061346263
32663031323063626330616566346435303466613836623136303961366636383532323536313533
62353435373433663162626264313862333062616634623264613433653538663161313238386532
3266323332636165643633663866633535646363326661326239
