$ANSIBLE_VAULT;1.1;AES256
62396330363833373461353163353734343661346665373333366135646462383138303632386235
3164353231626539633561643934663336616138356331350a316661323736343233363933313031
64383035623565643937396334326462633131616662356233623737366363343538363961313339
3862313831623036340a633434313163633133306235356639626338353835616461633536356334
34356666373962623538313936313962373937316138386437623637393438383433393663633138
31656532623834356636323236316630303732343436313365623961353362343235656562666136
62616461666438393136353361653034343636366432393834623632656366323366353465373063
33653263663164366431643863653138326463333432306330653865613463663233363532623062
35636566643132343032663734643538326237333634623431653531363131656238376233653162
34383965313164303337373038343533393835666334383530386439313039343161626362313939
38613765643531623565653235653337666462616566383462633866313334613438646635366630
37656336623333363439626239353364343761306231343331633932303535663862393465386265
65653662663334316233646232383630343337336532356565656130386536623031343563656532
31613531343431653834333664393838383133343638353330633766316330633765343766326366
35656166653330663631633638613163343332633439353134623633626665376234396339653363
33343535643431316165343331313231373064393438353038626537646139353031646565333033
32376631626165633762643666383237356631393935663539643838306538656337373636356466
62646665333165616263383061613033373862623634333038346266633261353932326434363865
65616362636165346466626132363665626535653932393462633136383661383635636538623861
31363633353766336538356365386261633334633535323936373632646162613532346262366631
36363638636431396339633461316563636638343661303766336236393935343232623138336662
31373635633536333637343733363638333530623463356238623631623364343335646562663531
62306163303330366539306634346530353635343134656238333537663931376464393365633361
61326534333035303631393933383336616163313030323737346334346138656666393735383963
36633533363834663661623539363561313938643164356165323131343130356339353837643665
61366261633964323464333365333533633035373530666232653838623764343134323362646633
30613237643564356663303763306264643438633764383230316365666339313530353461666562
62623133306332343666326235666630326536626338366465343534356462393161396331653634
33623634326633613539636234346234626335666330373363613366656465663835626138626436
6134353063313165623663666535336632316434306565343438
